142681 8.0 9.3 7.2
578465 5.2 6.9 4.0
912347 7.8 6.5 8.1
735291 9.1 8.3 9.5
246810 6.7 7.2 6.0
135792 8.5 9.0 8.2
864209 4.5 6.8 5.0
483726 7.0 5.5 6.5
357924 9.2 8.8 9.0
999999 5.5 6.0 5.8
246801 6.2 6.8 6.5
888888 7.5 8.0 7.2
444444 5.0 5.5 5.8
111111 6.5 6.0 6.8
222222 8.2 7.5 8.5
333333 7.0 7.2 7.5
555555 9.0 9.5 9.2
666666 4.8 5.0 4.5
777777 6.9 6.5 7.0
888999 8.8 8.2 8.5
987654 7.5 7.0 7.2
876543 6.8 6.5 6.0
765432 5.5 5.8 5.0
654321 9.8 9.5 9.9
543210 7.2 6.8 7.5
432109 5.5 5.0 5.8
321098 8.1 7.8 8.5
210987 6.5 7.0 6.8
109876 9.3 9.5 9.2
987610 6.0 6.5 6.2